0110
1001
1001
1111
1001
1001
1001

1110
1001
1001
1110
1001
1001
1110

1111
1000
1000
1000
1000
1000
1111

1110
1001
1001
1001
1001
1001
1110

1111
1000
1000
1111
1000
1000
1111

1111
1000
1000
1111
1000
1000
1000

1111
1000
1000
1000
1011
1001
1111

1001
1001
1001
1111
1001
1001
1001

1000
1000
1000
1000
1000
1000
1000

1111
0010
0010
0010
0010
0010
1110

1001
1010
1100
1100
1100
1010
1001

1000
1000
1000
1000
1000
1000
1111

1001
1111
1001
1001
1001
1001
1001

1001
1101
1011
1001
1001
1001
1001

0110
1001
1001
1001
1001
1001
0110

1110
1001
1001
1110
1000
1000
1000

0110
1001
1001
1001
1001
1010
0101

1110
1001
1001
1110
1001
1001
1001

0110
1001
1000
0110
0001
1001
0110

1111
0110
0110
0110
0110
0110
0110

1001
1001
1001
1001
1001
1001
0110

1001
1001
1001
1001
1001
1111
0110

1001
1001
1001
1001
1011
1111
0110

1001
1001
1001
0110
0110
0110
0110

1001
0101
001
001
001
001
001

1111
0001
001
01
1
1
1111


----
----
----
----
----
----
----




1111
1001
1001
1001
1001
1001
1111

011
101
001
001
001
001
1111

011
1001
0001
001
010
1
1111

1111
0001
0010
011
0001
1001
011

001
01
101
1111
001
001
001

1111
1
1
111
0001
1001
011

011
1001
1
111
1001
1001
011

1111
0001
0001
001
001
001
001

011
1001
1001
011
1001
1001
011

011
1001
1001
011
0001
1001
011

0001
0011
011
011
01
11
1