00000000000000|--------------------------------------------------|00000000000000
0|------------|FlowDOS Partition Manager 1.2 - Current Partitions|------------|0
0|000000000000|--------------------------------------------------|000000000000|0
0|0000000000000000000000000000000000000000000000000000000000000000000000000000|0
0|0000000000000000000000000000000000000000000000000000000000000000000000000000|0
0|0000000000000000000000000000000000000000000000000000000000000000000000000000|0
0|0000000000000000000000000000000000000000000000000000000000000000000000000000|0
0|0000000000000000000000000000000000000000000000000000000000000000000000000000|0
0|0000000000000000000000000000000000000000000000000000000000000000000000000000|0
0|0000000000000000000000000000000000000000000000000000000000000000000000000000|0
0|0000000000000000000000000000000000000000000000000000000000000000000000000000|0
0|0000000000000000000000000000000000000000000000000000000000000000000000000000|0
0|0000000000000000000000000000000000000000000000000000000000000000000000000000|0
0|0000000000000000000000000000000000000000000000000000000000000000000000000000|0
0|0000000000000000000000000000000000000000000000000000000000000000000000000000|0
0|0000000000000000000000000000000000000000000000000000000000000000000000000000|0
0|0000000000000000000000000000000000000000000000000000000000000000000000000000|0
0|0000000000000000000000000000000000000000000000000000000000000000000000000000|0
0|0000000000000000000000000000000000000000000000000000000000000000000000000000|0
0|0000000000000000000000000000000000000000000000000000000000000000000000000000|0
0|0000000000000000000000000000000000000000000000000000000000000000000000000000|0
0|0000000000000000000000000000000000000000000000000000000000000000000000000000|0
0|0000000000000000000000000000000000000000000000000000000000000000000000000000|0
0|----------------------------------------------------------------------------|0
00000000000000000000000000000000000000000000000000000000000000000000000000000000

